1935.23800
1935.24100
1935.25100
1935.26700
1935.29000
1935.31900
1935.35400
1935.39400
1935.43700
1935.47900
1935.50900
1935.51500
1935.47100
1935.34000
1935.06300
1934.55700
1933.69900
1932.32200
1930.19800
1927.02100
1922.39100
1920.30500
1911.07000
1898.40300
1883.94100
1904.67100
1897.74300
2408.13600
2844.43900
2750.21000
2694.34100
2552.08500
2407.82600
2211.57400
1990.09300
1747.01900
1540.98600
1267.23900
998.25580
746.80360
526.07610
376.92330
246.29810
149.88110
92.17097
63.32693
43.69153
30.96926
20.31900
11.66285
5.12913