2.432027E+004
2.432029E+004
2.432033E+004
2.432040E+004
2.432050E+004
2.432063E+004
2.432078E+004
2.432096E+004
2.432118E+004
2.432141E+004
2.432167E+004
2.432196E+004
2.432225E+004
2.432255E+004
2.432285E+004
2.432311E+004
2.432331E+004
2.432340E+004
2.432334E+004
2.432303E+004
2.432238E+004
2.432125E+004
2.431948E+004
2.431683E+004
2.431305E+004
2.430778E+004
2.430062E+004
2.429105E+004
2.427846E+004
2.426210E+004
2.424110E+004
2.421441E+004
2.418080E+004
2.413885E+004
2.408688E+004
2.402299E+004
2.394497E+004
2.385035E+004
2.373630E+004
2.359968E+004
2.343699E+004
2.324439E+004
2.301769E+004
2.276779E+004
2.245901E+004
2.210186E+004
2.169125E+004
2.125162E+004
2.166638E+004
2.103593E+004
2.037137E+004
1.959631E+004
1.877124E+004
1.807336E+004
1.705814E+004
1.595488E+004
1.593971E+004
1.461681E+004
1.332242E+004
1.192200E+004
1.055003E+004
9.157800E+003
8.345275E+003
1.231962E+004
9.651746E+003
7.239280E+003
5.422295E+003
3.761994E+003
2.526777E+003
1.547764E+003
8.878078E+002
4.827141E+002
2.654705E+002
1.387631E+002
8.172440E+001
5.448862E+001
3.821218E+001
2.680164E+001
1.771548E+001
1.051013E+001
5.129203E+000