2.432028E+004
2.432029E+004
2.432034E+004
2.432041E+004
2.432051E+004
2.432063E+004
2.432079E+004
2.432097E+004
2.432118E+004
2.432142E+004
2.432168E+004
2.432196E+004
2.432226E+004
2.432256E+004
2.432285E+004
2.432311E+004
2.432331E+004
2.432341E+004
2.432334E+004
2.432303E+004
2.432238E+004
2.432126E+004
2.431948E+004
2.431684E+004
2.431305E+004
2.430779E+004
2.430063E+004
2.429106E+004
2.427846E+004
2.426211E+004
2.424110E+004
2.421441E+004
2.418081E+004
2.413885E+004
2.408688E+004
2.402299E+004
2.394498E+004
2.385036E+004
2.373631E+004
2.359969E+004
2.343700E+004
2.324440E+004
2.301770E+004
2.276780E+004
2.245902E+004
2.210187E+004
2.169126E+004
2.125162E+004
2.166638E+004
2.103593E+004
2.037137E+004
1.959631E+004
1.877124E+004
1.807336E+004
1.705815E+004
1.595488E+004
1.593972E+004
1.461681E+004
1.332243E+004
1.192200E+004
1.055003E+004
9.157800E+003
8.345276E+003
1.231962E+004
9.651746E+003
7.239280E+003
5.422295E+003
3.761994E+003
2.526777E+003
1.547764E+003
8.878079E+002
4.827141E+002
2.654705E+002
1.387632E+002
8.172441E+001
5.448862E+001
3.821219E+001
2.680165E+001
1.771550E+001
1.051015E+001
5.129238E+000