0.02000 0.10000 0.19000 0.19400 0.19453 0.19463 0.19500 0.20300 0.20358
0.20368 0.20400 0.21900 0.21963 0.21973 0.22020 0.23700 0.23762 0.23770
0.23820 0.25000 0.27000 0.27058 0.27068 0.27120 0.27300 0.27674 0.27679
0.27681 0.27685 0.27700 0.28500 0.30227 0.30231 0.30233 0.30237 0.30608
0.30612 0.30614 0.30618 0.31000 0.31525 0.31533 0.31537 0.31545 0.31999
0.32003 0.32723 0.32725 0.32737 0.32741 0.32743 0.32747 0.33160 0.33165
0.33167 0.33172 0.33506 0.33510 0.33512 0.33516 0.33587 0.33591 0.33593
0.33597 0.33840 0.33860 0.34010 0.34015 0.34017 0.34021 0.35670 0.35674
0.35676 0.35680 0.35937 0.35941 0.35943 0.35947 0.36222 0.36230 0.36232
0.36240 0.36286 0.36290 0.36292 0.36296 0.36440 0.36444 0.36446 0.36450
0.36552 0.36556 0.36558 0.36562 0.38030 0.38034 0.38036 0.38040 0.39252
0.39256 0.39258 0.39262 0.40540 0.42130 0.44120 0.48390 0.50000 0.52630
0.55550 0.58820 0.62406 0.63366 0.63372 0.63830 0.64221 0.64225 0.64873
0.64878 0.66650 0.66654 0.69770 0.83330 1.03448 1.20000 1.40000 1.60000 1.94100
2.00100 2.02100 2.02500 2.03200 2.03500 2.03900 2.04000 2.04040 2.04050
2.04120 2.04152 2.04220 2.04240 2.04280 2.04340 2.04700 2.05000 2.05500
2.06100 2.08100 2.14100 2.21555 2.26550 2.29500 2.30000 2.31000 2.31355
2.31470 2.31525 2.31535 2.31540 2.31545 2.31565 2.31570 2.31575 2.31585
2.31630 2.31755 2.32000 2.33000 2.33500 2.36550 2.38460 2.38960 2.39660
2.39860 2.39930 2.39950 2.39970 2.40000 2.40060 2.40260 2.40960 2.41460
2.50670 2.51000 2.51578 2.51648 2.51668 2.51673 2.51683 2.51688 2.51708
2.51778 2.52000 2.52670 3.00000