-1.549836E-006  -0.000001550
-1.549903E-006  -0.000001550
-1.549967E-006  -0.000001550
-1.550042E-006  -0.000001550
-1.550295E-006  -0.000001550
3.493971E+003   3493.971130119
5.959313E+003   5959.313440197
7.368756E+003   7368.755585673
8.250261E+003   8250.260856127
8.868516E+003   8868.516053804
9.489792E+003   9489.791613850
9.845424E+003   9845.423966761
1.020274E+004   10202.741977246
1.056155E+004   10561.548336957
1.065352E+004   10653.522716139
1.101537E+004   11015.367459313
1.111008E+004   11110.078327036
1.147527E+004   11475.273851035
1.157358E+004   11573.584590940
1.167371E+004   11673.714007411
1.177599E+004   11775.986850254
1.215129E+004   12151.292085864
1.225979E+004   12259.791554095
1.237168E+004   12371.684469489
1.248748E+004   12487.480927388
1.260775E+004   12607.752726928
1.273314E+004   12733.140581175
1.286436E+004   12864.361037000
1.300221E+004   13002.214066958
1.314759E+004   13147.590620278
1.330148E+004   13301.481478368
1.346499E+004   13464.987170209
1.363933E+004   13639.329870002
1.382587E+004   13825.867983254
1.402611E+004   14026.113822769
1.424176E+004   14241.755262250
1.447468E+004   14474.682482717
1.443220E+004   14432.195939568
1.470330E+004   14703.301548193
1.499861E+004   14998.611288952
1.532119E+004   15321.190442326
1.567455E+004   15674.554585526
1.606276E+004   16062.758354635
1.649050E+004   16490.504605716
1.696328E+004   16963.279687148
1.748752E+004   17487.521651076
1.772538E+004   17725.381792255
1.836816E+004   18368.164910070
1.896385E+004   18963.849292426
1.945019E+004   19450.192779054
1.998492E+004   19984.918709169
2.057495E+004   20574.953084280
2.122855E+004   21228.551951156
2.155301E+004   21553.012350105
2.235612E+004   22356.117869365
2.325806E+004   23258.062367488
2.427666E+004   24276.655257968
2.528672E+004   25286.718616549
2.620918E+004   26209.175281602
2.723116E+004   27231.164273497
2.787670E+004   27876.696601333
2.913661E+004   29136.611384767
3.055623E+004   30556.232849157
3.202495E+004   32024.952585824
3.344184E+004   33441.837264145
3.502319E+004   35023.185848877
3.619129E+004   36191.288762079
3.817481E+004   38174.806180857
4.019815E+004   40198.154886427
4.240433E+004   42404.331895326
4.492887E+004   44928.868840452
4.708845E+004   47088.448593723
5.017691E+004   50176.906141126
5.376434E+004   53764.342093268
5.804913E+004   58049.134170929
6.289440E+004   62894.400100745
6.852740E+004   68527.404694789
7.451126E+004   74511.261928279
8.237744E+004   82377.441553887
9.193555E+004   91935.552590623
1.053007E+005   105300.663117721